-67.412, -45.882, 64.295
-67.313, -45.897, 64.097
-67.214, -45.912, 63.898
-67.115, -45.927, 63.699
-67.017, -45.942, 63.5
-66.918, -45.957, 63.299
-66.819, -45.971, 63.098
-66.72, -45.986, 62.897
-66.621, -46, 62.694
-66.522, -46.014, 62.492
-66.423, -46.028, 62.288
-66.324, -46.042, 62.084
-66.225, -46.056, 61.879
-66.126, -46.07, 61.673
-66.027, -46.084, 61.467
-65.928, -46.097, 61.26
-65.828, -46.11, 61.052
-65.729, -46.124, 60.844
-65.63, -46.137, 60.635
-65.531, -46.15, 60.425
-65.432, -46.163, 60.215
-65.333, -46.175, 60.003
-65.233, -46.188, 59.791
-65.134, -46.2, 59.578
-65.035, -46.213, 59.365
-64.936, -46.225, 59.151
-64.836, -46.237, 58.935
-64.737, -46.249, 58.72
-64.638, -46.26, 58.503
-64.538, -46.272, 58.285
-64.439, -46.283, 58.067
-64.34, -46.294, 57.848
-64.24, -46.305, 57.628
-64.141, -46.316, 57.407
-64.042, -46.327, 57.186
-63.942, -46.338, 56.963
-63.843, -46.348, 56.74
-63.743, -46.358, 56.515
-63.644, -46.369, 56.29
-63.544, -46.378, 56.064
-63.445, -46.388, 55.837
-63.345, -46.398, 55.609
-63.246, -46.407, 55.38
-63.146, -46.416, 55.151
-63.046, -46.425, 54.92
-62.947, -46.434, 54.688
-62.847, -46.443, 54.455
-62.748, -46.451, 54.222
-62.648, -46.459, 53.987
-62.548, -46.468, 53.751
-62.449, -46.475, 53.514
-62.349, -46.483, 53.277
-62.249, -46.49, 53.038
-62.149, -46.498, 52.798
-62.05, -46.505, 52.557
-61.95, -46.511, 52.314
-61.85, -46.518, 52.071
-61.75, -46.524, 51.827
-61.65, -46.53, 51.581
-61.551, -46.536, 51.334
-61.451, -46.542, 51.086
-61.351, -46.547, 50.837
-61.251, -46.552, 50.586
-61.151, -46.557, 50.335
-61.051, -46.562, 50.082
-60.951, -46.566, 49.828
-60.851, -46.57, 49.572
-60.751, -46.574, 49.315
-60.652, -46.578, 49.057
-60.552, -46.581, 48.797
-60.452, -46.584, 48.537
-60.352, -46.587, 48.274
-60.252, -46.589, 48.01
-60.152, -46.591, 47.745
-60.052, -46.593, 47.478
-59.952, -46.595, 47.21
-59.852, -46.596, 46.94
-59.752, -46.597, 46.669
-59.652, -46.597, 46.396
-59.552, -46.598, 46.122
-59.452, -46.597, 45.845
-59.352, -46.597, 45.567
-59.252, -46.596, 45.288
-59.152, -46.595, 45.007
-59.052, -46.593, 44.724
-58.952, -46.591, 44.439
-58.852, -46.589, 44.152
-58.752, -46.586, 43.863
-58.652, -46.583, 43.573
-58.552, -46.579, 43.28
-58.452, -46.575, 42.986
-58.352, -46.57, 42.69
-58.252, -46.565, 42.391
-58.152, -46.56, 42.09
-58.053, -46.554, 41.787
-57.953, -46.548, 41.482
-57.853, -46.541, 41.175
-57.753, -46.533, 40.866
-57.654, -46.526, 40.554
-57.554, -46.517, 40.239
-57.454, -46.508, 39.922
-57.355, -46.499, 39.603
-57.255, -46.488, 39.281
-57.156, -46.478, 38.956
-57.057, -46.466, 38.629
-56.957, -46.454, 38.299
-56.858, -46.442, 37.966
-56.759, -46.428, 37.63
-56.66, -46.414, 37.291
-56.561, -46.4, 36.949
-56.462, -46.384, 36.603
-56.364, -46.368, 36.255
-56.265, -46.351, 35.903
-56.167, -46.333, 35.547
-56.068, -46.315, 35.188
-55.97, -46.295, 34.825
-55.872, -46.275, 34.459
-55.775, -46.254, 34.088
-55.677, -46.232, 33.713
-55.58, -46.208, 33.335
-55.483, -46.184, 32.951
-55.386, -46.159, 32.564
-55.289, -46.133, 32.171
-55.193, -46.106, 31.774
-55.097, -46.078, 31.372
-55.002, -46.048, 30.964
-54.907, -46.018, 30.552
-54.812, -45.986, 30.133
-54.717, -45.953, 29.709
-54.623, -45.919, 29.278
-54.53, -45.883, 28.841
-54.437, -45.846, 28.397
-54.345, -45.808, 27.946
-54.253, -45.769, 27.488
-54.161, -45.728, 27.022
-54.071, -45.685, 26.548
-53.981, -45.642, 26.065
-53.892, -45.596, 25.573
-53.803, -45.55, 25.072
-53.716, -45.502, 24.56
-53.629, -45.453, 24.037
-53.542, -45.402, 23.503
-53.457, -45.35, 22.956
-53.372, -45.297, 22.396
-53.288, -45.244, 21.822
-53.204, -45.189, 21.232
-53.12, -45.134, 20.625
-53.037, -45.078, 20
-52.989, -45.046, 0
-52.989, -45.046, 0
-36.355, -33.942, 0
endData
127
100
200
-67.412, -45.882, -56.543, -47.554, -54.243, -45.882, -52.989, -45.046
#PATH.JERRYIO-DATA {"appVersion":"0.10.0","format":"LemLib v0.5","gc":{"robotWidth":12,"robotHeight":12,"robotIsHolonomic":false,"showRobot":true,"uol":2.54,"pointDensity":0.1,"controlMagnetDistance":1.968503937007874,"fieldImage":{"displayName":"V5RC 2026 - Push Back","signature":"V5RC-PushBack-H2H-TopDownHighlighted-TileColor66_71","origin":{"__type":"built-in"}},"coordinateSystem":"VEX Gaming Positioning System"},"paths":[{"segments":[{"controls":[{"uid":"6oJsWP6JBp","x":-67.412,"y":-45.882,"lock":false,"visible":true,"heading":270,"__type":"end-point"},{"uid":"LLCxA5cuVy","x":-56.54251402027984,"y":-47.55424007250891,"lock":false,"visible":true,"__type":"control"},{"uid":"V5ZHlArAci","x":-54.24318812666402,"y":-45.88200305897014,"lock":false,"visible":true,"__type":"control"},{"uid":"cmzNtvjxxA","x":-52.989,"y":-45.046,"lock":false,"visible":true,"heading":270,"__type":"end-point"}],"speedProfiles":[],"lookaheadKeyframes":[],"uid":"yKZQfBIB2o"}],"pc":{"speedLimit":{"minLimit":{"value":0,"label":"0"},"maxLimit":{"value":127,"label":"127"},"step":1,"from":20,"to":100},"bentRateApplicableRange":{"minLimit":{"value":0,"label":"0"},"maxLimit":{"value":1,"label":"1"},"step":0.001,"from":0,"to":0.1},"maxDecelerationRate":127},"name":"Path","uid":"ylzLS5N7DQ","lock":false,"visible":true}]}