-69.358, -23.83, 99.105
-67.387, -23.496, 99.105
-65.415, -23.162, 99.105
-63.443, -22.828, 99.105
-61.467, -22.516, 98.876
-59.49, -22.218, 98.876
-57.512, -21.921, 98.876
-55.531, -21.643, 97.342
-53.548, -21.388, 94.696
-51.564, -21.132, 91.975
-49.577, -20.909, 89.171
-47.587, -20.702, 86.275
-45.598, -20.502, 83.279
-43.603, -20.352, 80.172
-41.609, -20.202, 76.938
-39.611, -20.109, 73.563
-37.613, -20.026, 70.025
-35.613, -20.011, 66.299
-33.613, -20.016, 62.351
-31.616, -20.115, 58.134
-29.623, -20.278, 53.59
-27.641, -20.532, 48.622
-25.681, -20.93, 43.085
-23.784, -21.556, 36.727
-22.052, -22.538, 29.037
-20.802, -24.053, 20
-20.61, -26.005, 46.947
-21.323, -27.862, 65.773
-22.474, -29.493, 84.455
-23.835, -30.957, 88.759
-25.316, -32.299, 91.48
-26.878, -33.546, 93.252
-28.5, -34.716, 94.435
-30.166, -35.821, 95.234
-31.868, -36.871, 95.773
-33.605, -37.863, 95.773
-35.369, -38.805, 96.127
-37.155, -39.705, 96.339
-38.96, -40.567, 96.437
-40.785, -41.385, 96.437
-42.631, -42.153, 96.434
-44.492, -42.885, 96.335
-46.367, -43.581, 96.136
-48.261, -44.224, 96.136
-50.17, -44.818, 95.825
-52.092, -45.37, 95.379
-54.027, -45.876, 94.314
-55.98, -46.31, 91.581
-57.944, -46.681, 88.765
-59.921, -46.985, 85.857
-61.907, -47.214, 82.846
-63.902, -47.351, 79.722
-65.902, -47.366, 76.469
-65.984, -47.706, 75.886
-64.04, -48.169, 90.202
-62.066, -48.488, 93.419
-60.079, -48.718, 94.796
-58.086, -48.88, 96.221
-56.089, -48.99, 96.58
-54.09, -49.054, 97.175
-52.09, -49.084, 97.643
-50.09, -49.078, 97.84
-48.09, -49.046, 98.017
-46.091, -48.988, 98.175
-44.093, -48.906, 98.447
-42.096, -48.802, 98.564
-40.099, -48.679, 98.67
-38.104, -48.539, 98.766
-36.111, -48.382, 98.854
-34.118, -48.211, 98.934
-32.127, -48.023, 98.934
-30.137, -47.822, 99.007
-28.148, -47.608, 99.074
-26.161, -47.383, 99.136
-24.175, -47.148, 96.84
-24.396, -46.218, 95.579
-25.892, -44.892, 95.579
-27.334, -43.507, 95.605
-28.76, -42.104, 95.605
-30.118, -40.636, 95.643
-31.462, -39.155, 95.689
-32.738, -37.615, 95.689
-33.992, -36.057, 95.739
-35.191, -34.457, 95.739
-36.35, -32.828, 95.79
-37.471, -31.171, 95.79
-38.533, -29.477, 95.84
-39.575, -27.77, 95.84
-40.538, -26.017, 95.885
-41.479, -24.253, 95.922
-42.361, -22.458, 95.922
-43.2, -20.643, 95.95
-44.001, -18.81, 95.95
-44.736, -16.95, 95.965
-45.446, -15.081, 95.964
-46.084, -13.185, 95.964
-46.686, -11.279, 95.947
-47.243, -9.358, 95.947
-47.736, -7.42, 95.909
-48.199, -5.474, 95.849
-48.591, -3.513, 95.849
-48.939, -1.544, 95.762
-49.248, 0.432, 95.762
-49.478, 2.418, 95.646
-49.671, 4.409, 95.497
-49.81, 6.404, 95.497
-49.877, 8.402, 95.308
-49.901, 10.402, 95.076
-49.862, 12.402, 95.076
-49.749, 14.398, 94.793
-49.585, 16.391, 94.451
-49.359, 18.378, 94.451
-49.042, 20.352, 94.043
-48.664, 22.316, 93.558
-48.22, 24.265, 92.988
-47.685, 26.193, 92.988
-47.059, 28.091, 92.323
-46.351, 29.961, 91.555
-45.556, 31.795, 90.682
-44.666, 33.586, 89.71
-43.656, 35.312, 89.71
-42.535, 36.968, 88.659
-41.305, 38.542, 87.565
-39.96, 40.02, 86.491
-38.5, 41.384, 85.521
-36.926, 42.615, 84.758
-35.245, 43.694, 84.307
-33.467, 44.606, 84.247
-31.607, 45.338, 84.612
-29.683, 45.885, 82.024
-27.712, 46.222, 78.866
-25.719, 46.374, 75.579
-24.788, 46.235, 73.98
-26.692, 45.623, 70.464
-28.587, 44.984, 66.762
-30.474, 44.321, 62.842
-32.343, 43.61, 58.661
-34.193, 42.849, 54.159
-36.014, 42.025, 49.248
-37.793, 41.111, 43.79
-39.498, 40.07, 37.548
-41.038, 38.8, 30.05
-42.17, 37.175, 20
-42.268, 35.223, 30.099
-41.253, 33.517, 69.032
-39.818, 32.128, 86.258
-38.219, 30.929, 90.734
-36.543, 29.838, 93.002
-34.828, 28.809, 90.23
-33.094, 27.813, 87.37
-31.35, 26.834, 84.412
-29.604, 25.859, 81.348
-27.862, 24.875, 78.163
-26.131, 23.875, 74.843
-24.414, 22.848, 71.368
-22.718, 21.788, 67.716
-21.049, 20.686, 63.856
-19.415, 19.534, 59.746
-17.824, 18.322, 55.333
-16.288, 17.042, 50.535
-14.821, 15.683, 45.232
-13.441, 14.237, 39.219
-12.169, 12.694, 32.097
-11.048, 11.039, 22.857
-10.057, 9.237, 0
-10.057, 9.237, 0
-0.414, -8.285, 0
endData
127
100
200
-69.358, -23.83, 22.737, -7.433, -38.478, -48.972, -66.899, -47.332
-66.899, -47.332, -67.172, -47.378, -58.701, -51.431, -23.447, -47.059
-23.447, -47.059, -61.16, -15.358, -55.968, 47.223, -24.267, 46.403
-24.267, 46.403, -68.265, 32.739, -19.621, 29.46, -10.057, 9.237
#PATH.JERRYIO-DATA {"appVersion":"0.10.0","format":"LemLib v0.5","gc":{"robotWidth":12,"robotHeight":12,"robotIsHolonomic":false,"showRobot":false,"uol":2.54,"pointDensity":2,"controlMagnetDistance":1.968503937007874,"fieldImage":{"displayName":"V5RC 2026 - Push Back","signature":"V5RC-PushBack-H2H-TopDownHighlighted-TileColor66_71","origin":{"__type":"built-in"}},"coordinateSystem":"VEX Gaming Positioning System"},"paths":[{"segments":[{"controls":[{"uid":"Wne9id6YUT","x":-69.35843657240362,"y":-23.8300065764917,"lock":false,"visible":true,"heading":0,"__type":"end-point"},{"uid":"8D0d9Cl1AH","x":22.736887008762725,"y":-7.433213060557043,"lock":false,"visible":true,"__type":"control"},{"uid":"sPWJwmyR00","x":-38.47780878406,"y":-48.971756634258185,"lock":false,"visible":true,"__type":"control"},{"uid":"F1odMEn8kw","x":-66.89891754501342,"y":-47.33207728266471,"lock":false,"visible":true,"heading":0,"__type":"end-point"}],"speedProfiles":[],"lookaheadKeyframes":[],"uid":"tGfKgEfbTx"},{"controls":[{"uid":"F1odMEn8kw","x":-66.89891754501342,"y":-47.33207728266471,"lock":false,"visible":true,"heading":0,"__type":"end-point"},{"uid":"5uRsoVmzxR","x":-67.17219743694567,"y":-47.377623653325415,"lock":false,"visible":true,"__type":"control"},{"uid":"YqR7Prs4Uu","x":-58.70052078704609,"y":-51.43127566164838,"lock":false,"visible":true,"__type":"control"},{"uid":"vd3eDyQCGk","x":-23.447414727786565,"y":-47.05879739073247,"lock":false,"visible":true,"heading":0,"__type":"end-point"}],"speedProfiles":[],"lookaheadKeyframes":[],"uid":"YxY7FuqG79"},{"controls":[{"uid":"vd3eDyQCGk","x":-23.447414727786565,"y":-47.05879739073247,"lock":false,"visible":true,"heading":0,"__type":"end-point"},{"uid":"noqz2vHZzm","x":-61.16003981443629,"y":-15.358330760576171,"lock":false,"visible":true,"__type":"control"},{"uid":"OXz7W6FIxw","x":-55.96772186772368,"y":47.222764491907775,"lock":false,"visible":true,"__type":"control"},{"uid":"mMOg5MusVf","x":-24.2672544035833,"y":46.402924816111046,"lock":false,"visible":true,"heading":0,"__type":"end-point"}],"speedProfiles":[],"lookaheadKeyframes":[],"uid":"PQ7YMCFYWI"},{"controls":[{"uid":"mMOg5MusVf","x":-24.2672544035833,"y":46.402924816111046,"lock":false,"visible":true,"heading":0,"__type":"end-point"},{"uid":"BrSIwa7ItW","x":-68.26531700467464,"y":32.73893021949883,"lock":false,"visible":true,"__type":"control"},{"uid":"FdmJyCpRUs","x":-19.621496240735148,"y":29.4595715163119,"lock":false,"visible":true,"__type":"control"},{"uid":"eIwJIeRDUK","x":-10.056700023106595,"y":9.23685951332582,"lock":false,"visible":true,"heading":0,"__type":"end-point"}],"speedProfiles":[],"lookaheadKeyframes":[],"uid":"uQrqKNkcca"}],"pc":{"speedLimit":{"minLimit":{"value":0,"label":"0"},"maxLimit":{"value":127,"label":"127"},"step":1,"from":20,"to":100},"bentRateApplicableRange":{"minLimit":{"value":0,"label":"0"},"maxLimit":{"value":1,"label":"1"},"step":0.001,"from":0,"to":0.1},"maxDecelerationRate":127},"name":"Path","uid":"p09F9d17UC","lock":false,"visible":true}]}